Finite source
linear case
well-constrained case
bij: [[ 5.19059151e+08  8.39276262e+05 -2.50667259e+06  4.18720241e+06
   7.48699693e+05  8.24924399e+05]
 [ 8.39276262e+05  2.18490397e+07 -3.61547044e+07  2.42252557e+07
   3.56379328e+07  2.43404615e+07]
 [-2.50667259e+06 -3.61547044e+07  1.35147228e+08  2.67950762e+07
  -5.81847885e+07 -6.44133123e+07]
 [ 4.18720241e+06  2.42252557e+07  2.67950762e+07  4.53666064e+08
  -3.89527266e+07 -5.20269777e+07]
 [ 7.48699693e+05  3.56379328e+07 -5.81847885e+07 -3.89527266e+07
   7.02348963e+08  4.99448045e+07]
 [ 8.24924399e+05  2.43404615e+07 -6.44133123e+07 -5.20269777e+07
   4.99448045e+07  4.48574742e+07]]
sigma FM calculated: [4.38984844e-05 1.05855196e-03 2.21130288e-04 1.67788357e-04
 4.00501821e-05 1.01178309e-03]
cij FM: [[ 1.92707693e-09  4.22512418e-10 -2.22042154e-11 -8.41532494e-11
  -2.13767675e-12 -3.91808964e-10]
 [ 4.22512418e-10  1.12053225e-06 -1.55018877e-07 -1.68011062e-07
  -6.61776348e-09 -1.01812431e-06]
 [-2.22042154e-11 -1.55018877e-07  4.88986042e-08  2.66195242e-08
   2.42007043e-10  1.84937225e-07]
 [-8.41532494e-11 -1.68011062e-07  2.66195242e-08  2.81529326e-08
   8.34712386e-10  1.61114965e-07]
 [-2.13767675e-12 -6.61776348e-09  2.42007043e-10  8.34712386e-10
   1.60401709e-09  3.12065941e-09]
 [-3.91808964e-10 -1.01812431e-06  1.84937225e-07  1.61114965e-07
   3.12065941e-09  1.02370503e-06]]
cij MCMC: [[ 1.79145405e-09 -3.66654008e-09  8.73161082e-10  4.93894862e-10
   1.59603808e-11  3.58735106e-09]
 [-3.66654008e-09  3.36527491e-06 -5.46559520e-07 -5.06227369e-07
  -1.50906769e-08 -2.97160266e-06]
 [ 8.73161082e-10 -5.46559520e-07  1.18162527e-07  8.68422040e-08
   1.76007401e-09  5.26512938e-07]
 [ 4.93894862e-10 -5.06227369e-07  8.68422040e-08  7.89057520e-08
   2.10668100e-09  4.56417716e-07]
 [ 1.59603808e-11 -1.50906769e-08  1.76007401e-09  2.10668100e-09
   1.63587960e-09  1.03754994e-08]
 [ 3.58735106e-09 -2.97160266e-06  5.26512938e-07  4.56417716e-07
   1.03754994e-08  2.71483792e-06]]
ratio cov_fm/cov_mcmc: [[ 1.07570548 -0.11523464 -0.02542969 -0.17038697 -0.13393645 -0.10921958]
 [-0.11523464  0.33296901  0.28362671  0.33188854  0.43853324  0.34261791]
 [-0.02542969  0.28362671  0.41382497  0.30652751  0.13749822  0.35124916]
 [-0.17038697  0.33188854  0.30652751  0.35679189  0.39622154  0.35299893]
 [-0.13393645  0.43853324  0.13749822  0.39622154  0.9805227   0.30077197]
 [-0.10921958  0.34261791  0.35124916  0.35299893  0.30077197  0.37707777]]
Fitted parameters:
10.02120 0.00004 0.00004
1.21432 0.00165 0.00191
0.05309 0.00034 0.00029
0.14561 0.00029 0.00026
0.99995 0.00004 0.00004
0.69960 0.00168 0.00145
